[0,0,255],[1,0,249],[2,0,255],[3,0,252],[4,0,254],[5,0,246],[6,0,255],[7,0,245],[8,0,255],[9,0,255],
[0,1,255],[1,1,255],[2,1,251],[3,1,255],[4,1,255],[5,1,253],[6,1,238],[7,1,255],[8,1,255],[9,1,255],
[0,2,250],[1,2,249],[2,2,255],[3,2,0],[4,2,0],[5,2,12],[6,2,248],[7,2,255],[8,2,255],[9,2,255],
[0,3,255],[1,3,255],[2,3,0],[3,3,255],[4,3,255],[5,3,242],[6,3,21],[7,3,242],[8,3,255],[9,3,255],
[0,4,254],[1,4,249],[2,4,0],[3,4,12],[4,4,251],[5,4,0],[6,4,6],[7,4,252],[8,4,255],[9,4,255],
[0,5,255],[1,5,255],[2,5,2],[3,5,239],[4,5,7],[5,5,255],[6,5,5],[7,5,250],[8,5,255],[9,5,255],
[0,6,236],[1,6,255],[2,6,255],[3,6,1],[4,6,0],[5,6,0],[6,6,239],[7,6,255],[8,6,255],[9,6,255],
[0,7,255],[1,7,250],[2,7,247],[3,7,245],[4,7,255],[5,7,255],[6,7,252],[7,7,255],[8,7,255],[9,7,255],
[0,8,255],[1,8,255],[2,8,255],[3,8,255],[4,8,255],[5,8,255],[6,8,255],[7,8,255],[8,8,255],[9,8,255],
[0,9,255],[1,9,255],[2,9,255],[3,9,255],[4,9,255],[5,9,255],[6,9,255],[7,9,255],[8,9,255],[9,9,255],
